0,6,5.71622
0,6,5.16821
0,6,5.10712
0,6,5.14842
0,6,5.90201
0,6,4.85648
0,6,4.79738
0,6,5.1384
0,6,6.10799
0,6,5.73041
0,6,4.38147
0,6,4.42004
0,6,4.66031
0,6,4.28278
0,6,9.09524
0,6,4.26367
0,6,4.30097
0,6,5.38441
0,6,4.81369
0,6,4.86439
0,6,5.38399
0,6,5.57197
0,6,4.72285
0,6,4.8771
0,6,4.28506
0,6,4.4409
0,6,4.2002
0,6,4.26434
0,6,5.47651
0,6,4.34127
0,6,4.29014
0,6,4.21109
0,6,4.23172
0,6,4.62183
0,6,4.44008
0xdc2520,6,4.18168
0x692520,6,4.18596
0x2662520,6,4.26595
0x6c2520,6,4.30163
0x2602520,6,5.12358
0xe32890,6,4.16951
0xdf2890,6,4.19831
0x6c2890,6,4.23026
0x2602890,6,5.079
0x6b2890,6,7.44217
0x6c2890,6,5.457
0x26b2890,6,5.19505
0x2662890,6,4.3103
0x2582890,6,4.42223
0x25d2890,6,4.3802
0x25d2890,6,4.38648
0x6c2890,6,4.3003
0x25a2890,6,4.09708
0x2622890,6,4.28219
0x26a2890,6,4.23473
0x25a2890,6,4.52226
0x2642890,6,4.57927
0xd92890,6,0.201117
0x25b2890,6,2.69447
0x2602890,6,2.34489
0x2612890,6,2.91368
0x692890,6,2.14917
0xe72890,6,2.5115
0x692890,6,4.21589
0x2542890,6,5.07815
0xdf2890,6,4.71791
0x2632890,6,4.16796
0x25c2890,6,4.34572
0xd92890,6,4.46855
0x2692890,6,2.11101
0x6b2890,6,2.0645
0x2692890,6,1.58001
0xdf2890,6,2.23064
0x692890,6,2.20004
0x25c2890,6,0.0019873
0xdc2890,6,0.0029931
0x25f2890,6,0.0030038
0x2682890,6,0.0279577
0x2632890,6,0.314012
0xda2890,6,2.37512
0x2632890,6,3.4856
0x2592890,6,34.7495
0x2622890,6,2.22729
0x25b2890,6,3.14709
0x2652b20,6,0
0x2642b20,6,0.0032453
0x692b20,6,0.0468572
0x25c2b20,6,0.0312493
0x2612b20,6,0.267313
0x25e2b20,6,0.297774
0x692b20,6,0.280203
0xe52b20,6,0.281238
0x6868e0,6,0.422698
0xf768e0,6,0.422667
0x10368e0,6,0.392398
0x10368e0,6,0.42314
0x6568e0,6,1.02437
0x2642b20,6,0.532612
0xdf2b20,6,0.530236
0x692b20,6,0.358074
0x25d2b20,6,0.270741
0x2542b20,6,0.371998
0x2572b20,6,0.310417
0x25f2b20,6,0.30373
0x2642b20,6,0.234395
0x25b2b20,6,0.234343
0xdf2b20,6,0.234371
0x2602b20,6,0.234688
0x26c2b20,6,0.344896
0xe72b20,6,0.265929
0xda2b20,6,0.249967
0x25a2920,6,0.234375
0x2652920,6,0.21873
0x25a2920,6,0.236383
0x25f2920,6,0.249979
0x2572920,6,0.234367
0x692920,6,0.218737
0x25e2920,6,0.235336
0x2552920,6,0.232425
0xda2920,6,0.2221
0x25b2920,6,0.317635
0x692920,6,0.326682
0x718060,6,0.234348
0x6e8060,6,0.187472
0x698060,6,0.212857
0xf48060,6,0.187494
0x10c8060,6,0.203643
0x1098060,6,0.457512
0xe78060,6,1.32487
0x6d8060,6,0.201586
0x2662890,6,0.0781035
0x692890,6,0.0468809
0x25e2890,6,0.0468731
0x2642890,6,0.0624999
0x6a2890,6,0.0625
0xda2890,6,0.0875505
0x2622890,6,30.2159
0x692890,6,24.5189
0x25d2890,6,25.5955
0x2622890,6,0.411278
2,6,0.0208377
2,6,0.0259187
3,6,0.0347082
3,6,0.0370619
4,6,0.0432363
4,6,0.0328842
6,6,2.90913
6,6,2.92643
1,6,2.67129
1,6,2.10209
1,6,1.97043
1,6,2.67304
1,6,2.3424
1,6,2.22921
